0
5
6
9
9
12
12
13
13
15
17
18
28
29
29
31
32
32
33
34
34
34
34
34
35
36
36
40
44
46
47
48
48
50
52
53
56
56
58
58
58
59
60
62
66
66
71
73
74
75
76
79
79
81
82
87
87
88
89
90
91
91
94
96
96
97
100
100
101
103
103
106
107
108
108
110
111
111
114
117
122
123
127
129
129
130
132
135
136
138
141
142
143
145
146
146
147
149
151
152
155
155
156
156
160
161
161
161
164
165
166
167
167
169
169
172
175
175
177
177
178
180
180
181
182
184
185
186
188
189
192
201
203
210
213
213
213
214
215
215
216
216
220
220
221
223
224
226
226
230
232
234
236
239
239
242
243
246
246
253
256
256
258
261
264
271
272
273
278
278
278
279
285
287
287
287
290
291
293
294
295
295
296
296
297
299
300
303
303
306
308
308
310
310
312
313
314
315
315
317
317
318
319
320
321
326
327
328
330
331
334
335
339
339
340
342
343
344
346
347
347
348
349
351
352
352
354
357
358
358
358
358
361
363
366
367
370
370
372
373
377
379
380
386
386
387
392
393
396
397
398
400
401
401
401
403
404
410
412
417
419
419
420
424
425
436
437
437
438
439
443
444
444
447
448
450
450
450
452
453
454
456
457
459
461
461
462
465
466
467
467
469
469
470
471
473
473
473
474
474
480
483
484
487
489
490
493
496
501
501
503
505
506
507
508
510
511
511
513
513
517
519
524
525
526
528
529
530
532
533
536
540
541
543
545
547
549
549
550
550
556
557
559
565
565
565
566
570
574
575
576
577
579
580
580
585
585
586
587
588
588
588
588
591
592
592
595
597
598
599
602
604
605
608
609
609
611
614
614
617
618
619
620
623
628
629
629
629
631
636
636
640
640
641
643
645
647
647
648
649
652
653
653
654
655
657
658
661
663
666
668
668
670
672
677
678
679
680
681
685
694
697
699
701
702
704
706
711
713
717
718
718
719
720
721
721
721
723
723
725
725
725
726
727
728
728
731
734
734
735
735
737
737
738
738
738
741
742
747
750
755
758
758
758
759
763
764
766
766
766
767
769
770
771
777
779
780
785
786
789
789
791
791
792
792
793
794
795
797
797
798
798
799
801
802
802
805
806
809
810
811
813
814
817
818
819
820
827
828
828
829
830
833
836
840
841
843
844
845
847
848
853
855
856
857
859
861
862
866
867
867
868
869
870
873
875
878
878
879
881
881
885
886
888
888
888
890
890
897
900
901
902
904
909
910
911
911
915
916
916
918
921
922
924
926
928
928
931
937
937
939
940
942
942
942
946
947
947
948
951
951
955
958
960
961
963
968
970
972
973
975
975
977
979
979
981
981
982
982
983
984
984
988
989
989
991
991
991
995
996
1001
1005
1007
1007
1010
1013
1018
1019
1021
1021
1022
1023
1034
1036
1038
1039
1040
1041
1042
1043
1050
1051
1051
1051
1052
1056
1057
1062
1062
1063
1063
1064
1066
1066
1069
1069
1069
1070
1071
1071
1071
1073
1074
1074
1076
1077
1077
1077
1078
1079
1079
1079
1080
1080
1081
1082
1082
1082
1084
1084
1085
1089
1089
1089
1091
1091
1095
1098
1099
1101
1102
1106
1106
1107
1110
1110
1113
1113
1114
1115
1118
1119
1120
1121
1122
1123
1123
1124
1124
1125
1125
1135
1137
1138
1139
1140
1142
1144
1146
1146
1149
1150
1151
1151
1152
1153
1153
1153
1155
1157
1161
1163
1164
1168
1169
1171
1172
1173
1174
1174
1176
1176
1178
1179
1181
1184
1185
1186
1187
1189
1189
1191
1193
1195
1198
1201
1202
1203
1205
1206
1208
1209
1210
1210
1211
1216
1219
1220
1221
1222
1225
1226
1227
1229
1230
1231
1231
1233
1239
1243
1245
1245
1245
1246
1249
1249
1250
1252
1252
1252
1253
1255
1258
1259
1260
1260
1265
1268
1269
1269
1272
1275
1276
1277
1278
1278
1279
1279
1280
1283
1283
1284
1288
1288
1291
1294
1295
1295
1296
1298
1299
1303
1304
1306
1307
1308
1311
1311
1313
1314
1314
1315
1318
1319
1321
1321
1321
1323
1325
1326
1326
1328
1330
1330
1331
1333
1335
1337
1338
1342
1345
1346
1347
1348
1350
1356
1358
1358
1360
1360
1360
1363
1364
1368
1369
1370
1370
1375
1376
1377
1379
1379
1380
1382
1386
1388
1389
1391
1392
1393
1393
1394
1398
1399
1401
1401
1401
1404
1405
1406
1409
1415
1423
1424
1428
1431
1431
1433
1438
1438
1439
1445
1445
1445
1446
1447
1448
1448
1450
1452
1452
1453
1453
1457
1461
1461
1462
1464
1465
1465
1465
1467
1469
1472
1474
1475
1475
1475
1478
1479
1481
1482
1483
1487
1489
1492
1492
1492
1496
1496
1496
1497
1498
1498
1498
1499
1499
1503
1503
1504
1504
1505
1506
1506
1506
1506
1508
1510
1511
1513
1519
1519
1519
1520
1521
1522
1524
1526
1526
1530
1530
1530
1531
1533
1533
1534
1536
1536
1542
1542
1543
1545
1547
1547
1547
1549
1553
1560
1561
1563
1564
1564
1566
1566
1570
1570
1571
1572
1573
1576
1577
1577
1583
1584
1586
1588
1592
1593
1593
1595
1595
1597
1598
1608
1609
1610
1612
1615
1618
1621
1626
1626
1627
1631
1633
1635
1637
1638
1641
1643
1643
1644
1646
1648
1649
1649
1657
1658
1661
1662
1662
1663
1666
1668
1669
1670
1670
1671
1672
1674
1674
1675
1676
1677
1684
1684
1685
1685
1686
1686
1689
1689
1690
1691
1694
1696
1697
1700
1704
1704
1704
1706
1706
1710
1710
1711
1713
1713
1715
1715
1717
1718
1719
1722
1724
1728
1733
1736
1737
1737
1741
1741
1743
1745
1745
1745
1745
1747
1747
1747
1751
1753
1757
1758
1758
1758
1759
1763
1763
1765
1767
1770
1773
1776
1776
1778
1780
1780
1783
1784
1785
1786
1789
1792
1793
1794
1794
1796
1796
1797
1799
1801
1802
1803
1803
1804
1805
1808
1809
1810
1811
1812
1814
1817
1822
1827
1828
1832
1833
1835
1837
1841
1843
1844
1845
1846
1847
1850
1851
1854
1858
1859
1860
1860
1861
1864
1865
1866
1867
1868
1868
1869
1873
1874
1874
1884
1885
1887
1892
1893
1893
1895
1898
1899
1901
1902
1903
1904
1904
1905
1908
1910
1910
1911
1912
1914
1914
1919
1919
1920
1920
1923
1924
1926
1926
1928
1932
1933
1935
1935
1936
1936
1938
1940
1941
1943
1943
1946
1948
1948
1949
1951
1952
1953
1956
1956
1958
1958
1958
1958
1958
1962
1963
1966
1968
1968
1969
1970
1974
1975
1982
1983
1986
1988
1989
1991
2000
2001
2002
2003
2003
2004
2012
2012
2016
2024
2025
2027
2028
2034
2037
2040
2042
2043
2043
2044
2046
2046
2049
2049
2051
2051
2054
2056
2061
2064
2065
2070
2072
2073
2074
2075
2078
2078
2080
2081
2083
2085
2087
2088
2091
2096
2099
2100
2100
2101
2103
2104
2105
2106
2108
2109
2110
2114
2116
2117
2118
2118
2119
2121
2121
2124
2125
2128
2129
2130
2138
2140
2142
2142
2145
2146
2152
2154
2156
2157
2157
2159
2160
2162
2164
2166
2166
2167
2174
2175
2176
2176
2177
2180
2182
2185
2190
2191
2201
2201
2202
2203
2204
2206
2208
2209
2209
2211
2214
2219
2220
2222
2222
2223
2226
2230
2232
2233
2234
2234
2235
2237
2241
2243
2244
2246
2246
2248
2250
2251
2251
2252
2252
2254
2255
2255
2256
2258
2261
2263
2266
2269
2270
2271
2273
2275
2276
2276
2276
2277
2279
2284
2286
2286
2286
2286
2288
2289
2291
2291
2296
2297
2301
2302
2303
2304
2305
2306
2307
2308
2310
2313
2319
2320
2320
2322
2322
2322
2323
2324
2325
2325
2326
2327
2327
2329
2329
2330
2333
2335
2337
2338
2339
2339
2340
2342
2342
2344
2345
2345
2346
2346
2346
2352
2355
2355
2355
2356
2358
2358
2358
2359
2361
2361
2365
2372
2377
2378
2379
2384
2391
2396
2398
2403
2403
2405
2407
2409
2409
2409
2412
2419
2420
2421
2421
2423
2426
2428
2430
2431
2432
2433
2434
2435
2435
2438
2441
2444
2445
2445
2446
2448
2449
2450
2450
2451
2453
2456
2456
2456
2458
2460
2461
2462
2465
2465
2472
2474
2475
2475
2476
2477
2477
2479
2480
2480
2481
2481
2483
2484
2485
2486
2491
2492
2497
2498
2500
2501
2504
2504
2505
2506
2508
2513
2514
2515
2516
2518
2519
2520
2521
2523
2523
2524
2524
2525
2525
2526
2526
2527
2534
2537
2540
2540
2542
2546
2548
2548
2549
2560
2566
2567
2570
2576
2577
2578
2578
2580
2581
2582
2585
2587
2588
2588
2590
2595
2596
2598
2598
2600
2600
2601
2602
2604
2608
2608
2609
2611
2612
2615
2616
2619
2621
2625
2628
2629
2632
2633
2633
2635
2637
2640
2640
2645
2648
2649
2650
2650
2653
2657
2658
2659
2660
2661
2661
2663
2664
2667
2670
2672
2672
2677
2680
2682
2684
2693
2694
2695
2696
2700
2700
2703
2706
2707
2712
2712
2713
2719
2721
2721
2721
2722
2724
2725
2725
2727
2728
2730
2732
2732
2734
2739
2739
2744
2744
2744
2746
2747
2747
2747
2751
2753
2756
2757
2757
2757
2760
2761
2761
2764
2765
2768
2772
2778
2778
2778
2788
2789
2790
2790
2791
2794
2798
2800
2800
2803
2810
2812
2813
2815
2816
2816
2817
2823
2824
2825
2826
2827
2829
2830
2831
2831
2832
2836
2841
2843
2846
2847
2849
2849
2850
2851
2852
2852
2852
2854
2854
2858
2858
2861
2868
2875
2875
2878
2882
2883
2883
2884
2884
2884
2885
2886
2886
2887
2888
2891
2891
2892
2895
2901
2905
2905
2905
2906
2910
2911
2913
2913
2914
2914
2916
2916
2918
2918
2920
2920
2922
2923
2924
2926
2926
2928
2929
2931
2932
2940
2941
2942
2942
2942
2942
2944
2945
2946
2947
2949
2950
2951
2951
2952
2955
2955
2957
2959
2962
2963
2965
2966
2971
2973
2975
2975
2975
2978
2980
2980
2983
2984
2985
2987
2990
2990
2990
2992
2993
2993
2993
2996
3000
3001
3002
3003
3004
3004
3004
3005
3007
3007
3010
3011
3013
3014
3015
3016
3019
3020
3020
3021
3021
3022
3024
3024
3024
3024
3030
3031
3034
3035
3035
3035
3037
3038
3038
3040
3041
3044
3044
3047
3048
3050
3051
3053
3054
3057
3060
3061
3063
3065
3065
3066
3067
3071
3073
3074
3074
3075
3077
3078
3079
3079
3080
3080
3080
3086
3090
3091
3092
3093
3093
3095
3097
3098
3099
3100
3102
3103
3104
3112
3112
3118
3119
3121
3121
3124
3125
3126
3127
3131
3131
3132
3132
3132
3133
3134
3135
3135
3138
3138
3141
3141
3145
3146
3148
3148
3151
3151
3157
3158
3158
3162
3163
3165
3165
3169
3169
3174
3174
3175
3184
3186
3186
3187
3189
3190
3193
3195
3196
3197
3198
3199
3199
3200
3202
3202
3203
3203
3207
3208
3213
3213
3214
3215
3217
3217
3217
3219
3220
3223
3223
3224
3224
3226
3229
3232
3233
3235
3243
3244
3245
3247
3249
3250
3250
3250
3251
3253
3254
3254
3255
3256
3258
3258
3261
3264
3265
3265
3266
3268
3268
3275
3276
3277
3278
3279
3279
3280
3281
3281
3282
3285
3285
3291
3291
3292
3293
3293
3294
3295
3298
3299
3301
3302
3304
3305
3306
3309
3311
3312
3315
3315
3316
3317
3317
3317
3317
3318
3321
3326
3328
3328
3333
3333
3335
3335
3336
3341
3341
3342
3347
3350
3352
3359
3360
3363
3363
3364
3365
3366
3367
3368
3369
3372
3374
3374
3375
3376
3377
3379
3381
3383
3388
3393
3393
3395
3395
3396
3396
3398
3399
3401
3402
3405
3405
3407
3407
3410
3411
3412
3414
3414
3424
3424
3426
3426
3429
3429
3436
3436
3439
3440
3441
3449
3450
3454
3458
3462
3462
3462
3464
3465
3466
3466
3469
3471
3472
3472
3480
3480
3481
3486
3489
3489
3492
3493
3497
3497
3498
3500
3501
3501
3502
3503
3503
3503
3504
3504
3504
3504
3507
3509
3510
3515
3515
3519
3521
3523
3524
3524
3525
3526
3530
3533
3540
3540
3541
3541
3545
3551
3553
3559
3564
3564
3564
3566
3566
3569
3575
3578
3578
3579
3579
3582
3585
3587
3590
3592
3592
3597
3598
3598
3599
3601
3602
3603
3605
3605
3606
3609
3614
3616
3616
3617
3618
3619
3623
3625
3632
3632
3633
3634
3634
3635
3638
3645
3649
3649
3650
3651
3653
3653
3657
3658
3661
3661
3661
3664
3665
3666
3673
3680
3681
3681
3683
3685
3686
3686
3688
3693
3694
3695
3695
3698
3698
3699
3701
3701
3702
3702
3702
3704
3705
3705
3707
3707
3714
3714
3714
3715
3715
3717
3717
3719
3719
3720
3720
3722
3722
3723
3723
3723
3723
3724
3725
3727
3727
3727
3732
3737
3739
3741
3742
3744
3745
3747
3747
3749
3749
3750
3754
3757
3757
3757
3758
3759
3760
3760
3760
3764
3765
3771
3772
3775
3779
3783
3785
3785
3790
3790
3796
3797
3801
3801
3802
3803
3805
3807
3808
3808
3810
3810
3811
3815
3818
3822
3824
3825
3825
3826
3827
3828
3831
3831
3832
3833
3833
3839
3840
3841
3842
3845
3846
3850
3852
3855
3857
3862
3869
3870
3871
3875
3875
3876
3878
3879
3879
3881
3881
3885
3887
3887
3887
3888
3888
3891
3891
3892
3897
3898
3900
3902
3903
3908
3913
3913
3918
3920
3924
3924
3926
3927
3927
3929
3929
3930
3931
3933
3934
3936
3939
3939
3940
3947
3949
3951
3953
3953
3954
3957
3959
3960
3963
3963
3966
3967
3967
3970
3971
3971
3973
3980
3982
3986
3988
3988
3990
3993
3995
3997
3998
3998
4003
4003
4005
4006
4007
4010
4011
4013
4018
4019
4021
4022
4023
4024
4029
4032
4037
4042
4044
4044
4045
4046
4048
4049
4052
4053
4054
4057
4057
4058
4062
4064
4065
4066
4068
4070
4071
4073
4075
4076
4076
4077
4079
4084
4089
4091
4097
4098
4099
4102
4104
4107
4109
4111
4112
4114
4114
4118
4123
4127
4128
4131
4133
4134
4134
4135
4135
4136
4137
4138
4138
4140
4146
4146
4146
4147
4148
4148
4149
4149
4150
4150
4153
4154
4154
4159
4159
4160
4163
4165
4165
4166
4166
4167
4167
4168
4168
4170
4173
4180
4181
4189
4192
4193
4195
4196
4200
4201
4204
4204
4204
4206
4206
4209
4210
4211
4213
4213
4215
4218
4220
4222
4223
4224
4225
4227
4227
4227
4231
4234
4234
4236
4244
4247
4248
4252
4252
4255
4260
4263
4266
4272
4272
4272
4275
4277
4280
4281
4282
4285
4285
4287
4290
4291
4292
4295
4295
4297
4297
4298
4298
4300
4302
4302
4304
4305
4306
4307
4307
4308
4308
4312
4315
4316
4320
4322
4323
4325
4326
4329
4330
4335
4336
4337
4338
4339
4344
4349
4350
4350
4352
4352
4353
4353
4353
4354
4355
4356
4356
4358
4361
4361
4362
4370
4371
4374
4375
4377
4379
4382
4384
4385
4386
4388
4391
4394
4395
4401
4401
4402
4402
4403
4405
4405
4406
4407
4408
4409
4411
4412
4412
4413
4414
4417
4418
4419
4421
4421
4422
4422
4426
4428
4430
4431
4433
4433
4435
4435
4435
4437
4438
4443
4445
4447
4448
4453
4454
4456
4456
4465
4465
4466
4470
4470
4474
4475
4475
4480
4480
4482
4483
4485
4487
4488
4490
4492
4496
4497
4498
4498
4501
4502
4506
4507
4507
4507
4509
4509
4515
4515
4515
4517
4520
4520
4520
4521
4522
4522
4524
4524
4525
4526
4528
4528
4530
4532
4532
4533
4534
4534
4534
4534
4537
4537
4538
4538
4539
4539
4541
4543
4544
4546
4547
4547
4552
4554
4556
4558
4558
4561
4563
4565
4565
4565
4567
4567
4568
4569
4570
4574
4577
4577
4579
4579
4580
4583
4584
4585
4587
4588
4592
4593
4598
4600
4600
4600
4601
4602
4604
4607
4610
4612
4613
4614
4618
4621
4621
4623
4623
4625
4626
4627
4630
4630
4631
4632
4634
4638
4639
4639
4640
4640
4641
4642
4649
4650
4654
4656
4657
4658
4658
4659
4662
4664
4665
4666
4666
4667
4668
4669
4670
4671
4677
4678
4678
4678
4680
4685
4687
4687
4689
4697
4697
4699
4699
4700
4700
4700
4702
4703
4707
4707
4707
4709
4711
4714
4715
4716
4718
4721
4723
4726
4726
4729
4731
4731
4731
4732
4732
4735
4736
4737
4737
4738
4739
4740
4740
4742
4743
4743
4744
4744
4745
4747
4749
4750
4750
4752
4754
4755
4757
4759
4760
4763
4765
4768
4768
4773
4773
4774
4775
4779
4781
4784
4786
4786
4786
4787
4788
4789
4791
4793
4795
4795
4796
4798
4799
4800
4808
4809
4809
4809
4811
4814
4814
4816
4816
4816
4817
4819
4824
4825
4828
4829
4830
4830
4835
4837
4839
4839
4840
4844
4846
4848
4853
4853
4854
4859
4859
4861
4861
4864
4865
4865
4870
4871
4872
4873
4875
4875
4878
4883
4885
4888
4892
4892
4893
4894
4896
4897
4898
4898
4899
4899
4900
4905
4905
4913
4915
4915
4915
4918
4920
4923
4927
4931
4932
4932
4934
4935
4936
4937
4937
4942
4943
4944
4945
4945
4945
4947
4948
4952
4953
4953
4955
4955
4955
4956
4959
4960
4963
4965
4966
4967
4968
4970
4973
4977
4977
4979
4980
4982
4984
4984
4985
4986
4987
4989
4990
4991
4991
4997
4997
4997
