4
4379
2572
4363
3305
4429
745
2923
3200
1574
1556
73
4026
2191
2166
4978
4354
3091
1076
4761
2777
2416
2110
2721
4396
501
1880
3449
2827
1310
1738
965
966
3554
2933
2601
4110
2846
13
1528
2565
1922
2046
1547
3355
4969
2260
1014
3686
4294
867
2908
4669
2041
3719
618
4777
4657
1689
2649
672
2924
4735
37
3560
3650
4047
2251
3653
1968
4104
4919
3895
4352
3972
451
1803
2141
1998
4171
1923
3980
964
1045
4637
4926
1881
4895
2221
2202
4154
2721
3712
4999
1506
3785
3766
2223
4365
1597
1403
4864
685
3018
234
1780
3532
52
3398
3584
3511
4239
1399
1137
2892
961
4301
2114
4760
3538
2300
3042
1910
1140
4757
43
2199
1669
4060
1805
1635
1467
3939
4961
4266
3959
4458
4570
746
4794
1145
2549
2789
1036
4773
2201
486
4139
3938
3457
1823
3760
2987
3751
354
4350
3779
2323
1835
3644
3807
4232
2558
1034
1138
975
922
3152
4732
78
1217
2465
368
648
4595
3734
529
56
2734
1391
3152
2088
2460
3949
4325
4163
1761
4067
2559
4243
584
755
3209
1252
2033
1605
3204
3552
4432
4369
1083
4340
1245
630
591
1895
260
1699
3479
3594
1713
2618
4659
3811
1506
149
3373
684
3544
4296
541
4448
4466
4918
224
2422
4768
2400
3484
566
2130
880
4643
688
3803
3739
4945
4508
581
2445
4139
3459
2850
4055
2878
1885
2564
267
4897
1892
298
1696
3313
2310
3543
793
623
632
2424
2023
2823
4677
2562
1551
304
1454
694
4511
4059
299
1867
3697
2986
2407
2582
2130
3750
3210
4183
2276
4748
449
2283
4775
942
88
1466
87
1018
4111
4469
3271
769
770
3278
3771
2038
938
2339
2739
2472
2769
4512
4043
470
1979
2928
3327
3543
1255
176
4324
1571
413
1624
1970
3809
1882
1046
4302
2205
3631
4161
395
3317
2120
4608
3504
2985
2128
3205
1213
3053
4257
137
3631
4621
4601
628
4843
2940
2144
905
2359
3088
3694
2364
1660
2069
4850
1313
3016
4652
2668
10
3072
624
2804
333
1882
2798
2388
528
1768
2310
2088
3010
3336
3050
2414
1439
3009
1882
3024
199
3849
1657
3671
4187
3369
1263
1265
45
4266
1604
1419
4652
1216
4902
2889
3937
1508
1511
474
4369
200
3167
658
2863
4508
1193
303
340
2509
4276
1708
1342
2661
216
4707
1626
3198
483
149
4152
1535
1496
4046
2442
3929
578
1220
2152
1187
2026
4942
4195
1322
803
2106
107
2181
1718
110
3792
3900
1703
2239
2746
4504
339
320
1653
3141
2756
2442
1060
821
2171
3690
2048
1582
2881
2337
4094
363
1946
4293
2875
4353
271
1988
148
1576
2998
3528
2774
1793
2807
4974
1478
822
2845
1289
3927
1940
1104
3036
3766
2550
763
3692
179
4612
1263
1115
3630
4688
3899
801
2884
4681
158
293
629
4008
1859
482
4762
528
328
2996
1752
139
3755
946
2668
1575
1808
1357
3786
3167
3483
2518
2070
173
1375
4119
3694
4950
3050
551
458
4198
1269
289
1833
4195
3515
3222
1081
1861
3005
2102
451
1378
1047
1070
4832
1232
2011
4220
468
1980
1616
1798
814
2671
4590
4616
3824
776
257
3100
1554
2597
3240
2179
4485
211
3193
1050
1711
1901
2698
4008
4914
4760
1630
243
3024
1109
4515
4107
3208
4968
2828
1574
2630
3502
1480
3490
1010
4995
1614
1114
3455
3465
634
1479
1774
3493
3057
3448
598
1539
157
3533
4522
4137
61
3748
656
313
4213
1486
2730
208
981
4740
3554
3852
2432
1395
2814
2643
2275
334
894
4710
4272
1667
3646
548
4887
1550
1948
3707
464
1305
4128
553
1247
1061
2787
1081
4836
2154
3917
3905
2606
4914
1255
3479
4931
980
4337
3052
4246
989
4578
4601
686
2488
2626
1062
2639
4902
2549
4666
3080
2737
4398
4948
2888
1930
973
4391
2861
2250
2303
2093
3234
3502
1504
2946
3917
907
3816
4289
3178
881
3951
4301
455
1733
2846
1357
1174
2790
76
4946
1560
632
4545
3973
2436
703
3387
9
2556
3179
3866
1192
4992
2618
1002
3730
977
620
1517
1496
3588
880
3586
742
2784
1995
1006
4790
398
4632
3253
425
3277
2715
4669
4009
4735
1008
296
1163
1956
1625
788
3288
793
180
2688
1786
2692
267
4165
1755
4438
188
1510
992
3141
2921
3790
77
989
2642
821
1955
2059
1974
4542
52
4182
4497
224
2167
3506
4879
4159
2959
754
2343
3758
4390
4977
1794
364
974
30
4019
2648
2648
249
1553
3561
4382
4990
3023
1415
2290
3533
3684
2008
1578
676
70
4304
4059
1978
3970
1704
730
2912
3102
3337
3682
638
600
2493
543
718
3879
2307
2329
3033
863
4981
692
413
370
4959
3748
2984
2418
2007
3558
3740
3923
2531
3042
2591
4397
163
2533
3445
2599
3924
242
748
1591
1366
3288
2588
134
2075
4663
2729
40
1789
2660
3830
2097
1858
3820
4840
451
3734
934
4620
1836
4694
3296
4118
1428
3756
3083
3511
693
1964
1075
2362
2563
1002
4086
2491
1363
2525
2487
1836
2951
4100
3730
78
4039
3572
2743
2632
2916
4371
532
2359
1061
2260
3138
3539
4485
295
810
2745
2076
4892
2344
3282
1177
3052
3957
2855
457
2916
3067
535
2961
3039
1026
3727
3920
2471
4024
4517
168
536
1316
3802
267
1289
4595
3793
3249
2968
2508
4503
3416
3656
4910
1681
2765
3106
2049
4157
2110
1893
3250
1166
4034
1419
4880
4839
3832
786
163
211
4324
3075
4916
1631
4488
362
4447
4157
167
2603
902
3182
3388
901
687
618
3626
2046
1926
3103
3925
1811
1565
4892
485
3514
4471
2833
1666
4230
388
1725
4235
510
4478
3219
1913
3715
2459
4939
4256
2771
171
32
3926
3679
3161
4699
3804
4829
2503
1187
1498
2299
82
4542
2614
1833
4108
3417
3172
4321
3584
1336
1522
4886
4216
1979
1898
1150
1890
3446
1723
2670
3033
1595
4633
344
2240
2445
2112
667
3009
1651
1304
3520
108
4096
1802
684
4267
1211
4721
1727
1474
1592
1932
463
1332
1410
2648
1273
2608
4811
586
134
3898
681
4081
350
1630
3111
3874
4684
1112
2773
1205
4358
4927
1773
669
3623
1511
2724
221
3298
1870
1200
742
3725
2414
1652
1885
4864
1609
4493
3585
4728
4123
4976
4554
4445
841
1091
4973
572
71
1853
4164
4490
855
586
402
3518
2102
558
3460
4200
2304
661
499
3668
4380
2253
4894
3206
1546
4697
2685
3545
504
4540
4208
1008
2940
1942
3622
2831
4596
4037
3233
2319
4513
602
3966
4196
1906
2439
4874
605
1837
539
4568
1512
2992
3514
3384
2095
1126
2059
1033
1387
3693
2871
1327
2795
1123
4243
3024
3657
1945
4282
4344
4913
584
4339
3900
4431
1352
3354
3467
596
544
549
3833
2045
2951
3917
3885
1744
3113
2895
2874
835
3917
4582
2755
2523
3619
4951
2576
1837
1867
2257
773
4341
4976
2791
465
2433
1148
2923
731
233
4477
4272
2977
4926
429
324
1571
3180
1623
4184
4972
213
2029
4334
2256
3451
2527
4526
2793
3337
4486
4845
4876
4527
2118
3650
4784
2280
3986
2646
1607
4177
65
4808
4796
1145
286
3306
2660
2431
4469
1299
4226
1693
4745
4265
3331
975
3163
4731
4184
368
1485
1313
4457
4633
1581
1233
1518
3550
2957
2151
2977
528
1279
4704
2863
3616
4101
2003
486
1206
4518
1467
2208
4343
621
805
3974
2996
3284
1747
2960
1333
374
1899
2096
3785
857
2112
1534
1136
2306
2083
2598
4408
4891
4405
3446
1048
55
1011
4203
3061
4342
4798
4540
1494
1164
3621
3470
4406
1996
882
1766
1301
1915
1223
2349
4203
3279
2459
1277
1915
1653
1804
4466
4287
3089
634
2668
4190
4440
4086
4809
2823
2866
3333
2591
4944
4444
2598
1663
4815
4777
4835
1173
1308
1177
783
1092
138
737
1629
374
4161
4442
224
4081
1633
1350
876
1166
3988
4332
2992
1915
2576
21
2799
3807
2399
3015
3842
261
1069
3711
4099
4026
4414
4451
3864
313
3466
4253
3275
2830
3551
3916
2786
1376
192
1909
2383
4263
4303
823
3166
4308
3476
4219
2246
576
537
2866
1294
2437
980
592
4022
961
2887
4791
4111
3824
3728
1639
1344
4977
1904
1560
4694
4609
4835
1138
4575
3012
1659
1116
59
1274
1424
3777
2743
2309
1712
4512
2495
1881
495
794
1711
1477
4971
711
1103
590
231
2601
4145
3490
4554
1586
4488
1929
3787
2522
1375
1568
364
2256
3115
2032
1400
3449
3149
3779
337
519
1712
2734
2754
4049
4603
4018
766
2976
4476
2213
900
409
3706
1389
304
1126
2373
125
4902
295
2884
1376
613
3591
3666
4841
3230
737
3045
4901
3448
1521
3173
4097
1674
455
1702
1477
2820
4678
170
1690
482
2346
1310
3287
293
2008
4023
1167
3024
4224
4689
4799
1556
4925
1812
3691
209
3781
1395
424
3105
2323
3418
4876
1194
4482
4595
3946
3665
2916
4277
1729
2261
3209
1162
3212
3103
2699
4964
3653
156
4094
2459
3802
2212
829
3573
4929
4138
2135
1955
3640
3520
2441
1995
4573
1351
413
4663
4188
512
2016
1722
4335
1426
704
634
199
4296
3596
4071
1089
3366
4815
1878
1316
2072
516
4730
383
4583
4141
1176
1071
3665
4830
1277
4934
2180
788
726
4415
4855
636
3891
3606
2476
654
4994
4701
2078
1663
476
1432
1027
3246
213
2530
2134
3462
1821
297
900
4058
2854
3892
1776
2304
1378
2957
3629
3716
3699
3081
984
3941
2046
2635
864
1924
1957
4113
2515
4360
2583
359
2326
4967
4582
2104
3848
591
1596
1275
227
667
3515
2481
873
2129
1088
2460
3303
3047
3451
3379
3880
4382
3326
1603
3801
4279
4239
1416
2636
2794
204
1193
4579
4262
2378
3193
4451
3915
3562
4297
691
762
2649
2842
2119
4134
3362
657
85
540
906
2716
3443
2413
2943
4152
2059
4612
710
1581
2149
4699
2864
4921
1927
2688
4224
3625
3323
1325
2747
4375
4077
877
581
4276
2312
362
1956
182
3964
1540
3291
765
3373
3516
1269
2800
2291
2974
4
557
2218
1629
2037
1461
606
2080
3666
1717
668
1602
1508
3929
1431
1600
4298
4315
4614
2571
1554
2345
255
3885
3691
1077
170
4888
757
1549
3580
3218
445
259
31
2341
2393
471
66
1810
3453
4241
466
2814
3023
635
549
1061
4149
4634
3142
1403
4161
3261
1378
4378
3205
1805
4894
1421
1809
781
2627
858
1615
4380
3663
3094
4671
1253
1617
1707
3156
3904
617
1341
4938
217
4370
3322
2562
2213
2428
4759
339
2021
4922
4959
1191
4580
989
1870
4431
3939
51
4068
332
1427
976
3726
4323
1658
4263
574
2012
1942
2893
2938
4944
191
3698
2274
4036
3362
4917
1899
238
3103
1962
3217
2162
2908
275
3921
1122
3250
2089
4188
992
61
4085
1055
3681
674
1175
4967
281
912
2377
370
3676
3553
3930
313
1880
2170
2931
1738
4589
4990
3023
2586
4301
1825
1891
3896
2718
4544
3407
3140
3153
3422
3937
4006
3942
4080
4437
2755
6
4482
2123
3489
1317
995
1109
1844
4202
2115
1250
4178
492
2502
2404
2305
2042
3568
2523
4960
1959
1095
3556
114
3337
2641
873
3767
1620
3370
2998
1268
1592
2959
941
883
276
2785
3879
4126
2181
1809
1584
2917
4343
1690
4870
2175
678
837
925
4965
4057
4277
3585
2161
4628
1514
290
2013
2937
851
3485
2665
595
4340
3173
860
3758
3232
581
3899
1246
2415
4816
1712
4138
2624
4631
1962
3564
4603
1159
3194
1753
1477
2660
1765
1432
2654
3342
2005
912
1255
175
2931
4922
276
4013
2519
4056
4682
1834
3648
2232
1514
686
1175
810
4203
4526
2893
2002
4638
1755
2292
609
283
2545
3203
3239
3577
1402
3028
4037
3178
3231
1751
490
2028
1690
1697
4012
2476
27
4048
2337
3222
1597
4549
4345
919
1004
1620
1241
4995
1830
3551
1095
4122
2611
2886
3693
2254
146
3235
4420
4192
2041
74
3511
3632
3848
1590
1872
4306
3067
4295
1331
4221
2379
3623
4757
16
799
2515
2280
3558
3668
1975
1310
3632
3134
4722
2719
1785
98
3681
3450
1861
2234
2183
2716
2882
371
3122
4703
2825
855
377
4586
3886
2946
249
1609
2634
3403
663
3961
4250
2121
2000
554
3128
3167
2572
3001
4127
2214
1969
4225
4245
1973
1419
1862
4817
3119
1881
4389
3603
482
4467
2179
3419
567
4479
1097
3185
4147
2779
4105
1148
1961
3805
4080
4694
2641
1623
4119
3756
1809
4790
1919
3476
1807
3513
2984
3543
4808
3446
1127
2694
2928
4016
4802
4496
3958
2901
2505
953
1059
996
2171
2415
1511
2171
1386
1838
4993
3903
1036
2275
2937
2517
3607
3134
683
1405
2232
4400
3042
694
4207
2244
2542
2916
3051
4354
2107
3998
4102
3038
1248
1052
132
3848
3825
3222
702
356
2129
2712
3357
2425
4752
786
4805
2215
2405
2547
3336
161
248
3677
1123
2066
2071
1955
2985
653
2226
3175
3002
4932
653
113
1640
4666
1842
1418
2822
2820
456
3207
4469
865
4276
1304
757
3307
2186
1464
1364
926
1064
4999
3014
3445
479
266
1137
1564
4191
3580
4347
1215
4678
3454
346
4138
1501
3899
856
1218
464
3942
2810
3064
3311
2076
2259
4246
3765
3726
4929
1170
1564
2359
4508
2416
4963
1732
662
3747
870
3761
3628
108
432
2792
1111
1395
2208
204
1903
1866
3453
4700
2477
482
1478
3611
2588
2628
4331
2612
1507
3193
410
4834
4241
4878
343
2261
590
1903
67
714
1977
2733
255
3762
3883
3378
4989
2458
175
4288
875
4858
2453
3633
3685
3599
4370
562
1767
2579
3918
961
3724
3492
3953
4829
4413
2426
2154
4452
1817
2058
1366
423
4021
4632
3298
970
841
3633
3405
3848
2031
3334
4220
156
3305
1764
2155
4570
1589
4897
4917
4395
2295
2633
4745
4423
3379
3926
937
253
3246
3070
63
662
697
2406
2711
24
2840
2757
2451
1054
1813
2843
3807
4565
2211
4408
2626
329
1210
2921
4709
421
751
4012
299
4458
2429
3869
4733
1583
3772
3378
1649
1199
2180
4625
4894
3408
886
777
2031
3135
3151
1669
65
4496
4922
4245
107
1075
3353
2223
2105
1755
408
1155
2933
201
3558
2060
1819
2077
3696
2569
639
2260
2628
444
3925
3757
3583
3906
3164
3357
1276
1393
1016
1754
2017
352
530
4213
3687
3079
1310
144
1262
832
2018
63
1370
3525
3470
1060
559
4113
1668
2882
732
523
2918
899
3159
1268
3222
733
1725
490
893
783
4012
4757
4876
929
1255
1862
464
601
485
2336
4158
442
4238
2038
3763
3247
4283
2244
3934
2230
177
3082
3365
519
634
435
1217
1523
2600
652
263
3706
4926
4135
2835
4141
3533
327
1883
3194
3304
3382
3293
693
1141
763
2814
1187
2265
4463
3248
2602
4686
526
3431
1013
1043
507
4873
4772
3145
4795
3312
3327
485
4508
949
4443
638
1511
690
3125
669
2992
539
2516
3052
2542
4338
4427
2429
238
3943
2972
4208
4530
2976
4416
3656
2543
1995
1530
2506
4804
2677
403
1291
222
3797
2504
3342
3928
3386
3377
4422
4648
2605
699
4462
4613
2317
1956
4467
2484
3389
4742
4210
3586
4708
2693
1019
780
3617
3522
2666
298
2265
1042
358
810
4943
1353
1055
3328
1286
4280
1969
3195
478
1101
3103
3363
3328
4482
1622
2143
1776
1966
4224
643
3950
4575
298
3086
513
2257
466
1321
4625
4039
1016
1724
3767
4160
2271
2747
123
2950
3856
3773
3041
944
1700
2573
4626
4040
4844
3233
2202
1614
167
3864
2243
1282
2495
1537
2014
409
296
294
1185
2679
3646
1183
4345
3275
4562
2411
4109
2768
2736
4209
4484
799
3728
2773
4893
2626
4776
3711
2105
3308
1594
1949
1319
628
3023
600
2652
3120
3576
3700
684
1597
620
3072
1978
693
2443
1062
2511
954
4301
1621
4059
2942
3504
4777
2501
3565
4229
2340
4336
4506
2862
2446
3333
1758
158
1792
3415
3448
2004
2631
4127
4870
3174
3779
412
2481
4390
1711
2990
4303
2299
4227
1392
1537
2167
1749
3216
957
3088
3534
3348
3806
1926
3528
4458
3695
4024
3109
2299
2207
2747
3475
3870
109
4736
492
365
4645
3128
3410
1094
3147
2822
2912
912
940
1514
443
2280
2397
2750
3743
1439
643
3454
4446
4857
4225
1577
3171
4221
3839
4542
4349
4636
1487
237
4255
3736
3884
68
2332
571
2939
2266
2592
3304
1243
3851
3161
2305
2889
2585
3524
519
3100
3763
1748
4320
2336
2525
2438
4536
3030
4403
728
2726
1472
2291
143
4121
4257
4910
4928
1192
3523
3083
3198
4595
4235
1873
4402
2305
2974
1350
4265
4054
4295
2232
3895
2793
2617
431
489
2328
1822
2126
880
3224
2970
2532
4778
4372
2930
211
1626
3337
2102
4685
2359
517
3486
3197
4586
3058
752
209
714
3058
1583
4138
26
4408
4415
1517
4433
1361
4893
3498
1034
3381
4116
2534
1362
2750
874
2055
3550
1036
2009
2547
2287
794
4321
2765
774
4976
1770
2462
1282
3206
568
3204
3201
4522
671
937
4322
4855
3854
2675
1160
4538
1696
4347
1779
3825
4413
2581
313
3931
3279
3819
3234
462
2912
3421
3913
825
105
4481
910
1398
581
4091
4144
779
1229
1353
2400
3462
1060
2438
3737
1163
1410
3449
3387
683
1854
3489
4350
946
4565
1127
1284
