1168
609
242
3605
4649
1306
2121
2339
1461
3559
3184
2124
4592
3377
146
2176
3333
2966
2534
1513
4430
2566
3125
1489
1475
1076
4538
3145
1338
2975
507
2428
3575
1113
35
979
2952
2823
4561
4089
4456
31
3080
2598
4846
216
172
2905
2377
4739
1958
3311
3666
3783
2284
2160
2582
4658
1904
1536
951
1835
1123
1323
1686
2540
2918
2794
3134
3294
317
4754
1792
4308
4945
3187
2279
4786
1536
1758
2407
1438
4234
32
511
3436
3099
2403
2296
2975
4896
3372
3825
4587
48
87
2985
592
680
2358
1360
2481
4915
1553
2129
419
141
4231
2320
3545
1202
4402
1956
1348
3727
3673
1530
1319
4220
1151
4870
3224
3189
2712
3342
155
4204
1428
2629
401
2101
2788
4632
4517
4830
1122
48
4223
224
1893
4685
4114
1974
721
1884
2640
3193
2325
653
1685
4453
3758
4731
1784
1892
161
4872
614
3765
4654
2261
2929
1081
256
4715
718
738
2816
4329
1524
3519
3698
794
4344
32
343
2378
4422
2747
3785
2525
3121
4809
3717
236
3764
1313
4795
725
3169
182
921
3957
718
4263
3005
4405
2520
3363
513
1342
4631
1710
417
4339
4137
3165
4952
586
1690
58
3264
3038
1481
4892
4721
4388
2438
4287
1465
1447
1448
2435
3065
2346
1019
3908
4032
1626
1078
4565
3632
3902
3650
3833
4374
1547
727
4888
1504
984
3993
3714
2847
619
2831
3803
2732
3279
3396
2483
3135
2739
2942
4824
4010
2391
2868
1483
1956
4525
101
2916
2065
3458
1644
4875
735
3376
2791
3316
1283
1785
294
3502
50
1066
2696
2128
3004
1498
3321
3504
3186
3317
3881
1498
1520
3057
1958
4465
4894
2508
881
869
3440
2352
3566
17
3037
380
2485
4447
2157
3265
2677
755
3124
1646
2616
2513
1155
792
4146
4140
2621
2849
243
2243
1119
1099
3092
4138
4537
1098
4614
2355
361
2523
4070
4166
367
1941
4948
1796
1674
4707
1531
4788
1817
226
1107
89
4735
4757
2250
4408
1837
2323
3913
1649
1171
3162
2330
1193
1346
4498
4623
90
2560
216
982
3744
526
461
3450
4784
3359
2043
1051
4687
4470
2732
1124
1356
3306
2598
4789
2883
1070
3951
4567
2359
2201
1521
3885
3275
2116
1041
466
4662
1321
2962
4405
4577
1737
201
641
1181
3846
3165
4337
550
1919
3862
2744
2518
370
1743
2959
3623
1091
3504
3048
1697
947
4076
1295
1140
4732
2812
2345
4395
1648
4574
3244
4213
2506
3510
3694
2209
2276
2990
2049
1717
3551
3717
3291
3971
1641
4530
1445
4793
9
3132
1833
91
1902
3936
246
2831
701
2085
1593
1333
1169
4991
3441
2361
3797
3038
12
3199
1469
2546
3360
529
299
4165
4977
4247
2333
1869
2505
4428
723
253
3335
570
470
4064
942
401
2044
721
3093
833
1249
4897
799
1969
1543
4470
473
1627
2301
4700
873
3878
1542
3410
2286
647
793
2852
3138
1533
2190
1401
3939
56
2944
3000
489
1534
149
3132
4435
3217
1850
857
2266
3024
2803
4825
3775
4361
681
264
672
296
3949
1120
4037
142
4920
3098
4985
1496
525
4970
484
4163
654
3757
661
2361
4515
2202
4173
4859
1185
4146
1951
4700
3750
1277
1843
4853
963
611
1210
1314
2875
939
731
1968
2928
3651
3268
609
549
4325
1924
3526
1221
2843
3365
2887
1450
1079
4528
3618
58
4697
1401
214
1172
3245
4577
1563
3857
1328
3801
4049
2461
4375
220
1433
2004
1308
3462
2075
129
2926
4385
2412
738
3940
4326
2252
4135
3326
4136
186
585
3737
156
1933
4984
948
3892
256
3749
4963
2372
3720
3414
312
4068
5
4968
4496
4699
2475
246
2233
3701
4412
1007
3887
2051
4307
2230
4893
3472
2719
4483
598
28
2291
3727
4944
1986
4006
2540
1161
1564
1860
3011
3601
3590
136
4703
2884
4160
4844
4743
1506
4044
1615
1113
189
1080
2625
18
791
4798
1966
4098
3757
3302
4013
4308
2523
4421
1547
4659
605
1935
4865
1023
4816
767
1903
1711
1595
352
2083
801
1325
4044
2234
117
308
1745
2578
2744
4127
2884
2514
3827
97
1549
3990
3379
3875
2034
4266
3044
3396
271
4714
2327
303
2355
1677
4435
505
215
2924
3151
3598
335
4138
3541
3424
2043
1089
4315
130
4167
3462
3739
1519
2829
4563
1074
2682
2941
3840
4149
9
3347
1260
1919
1643
3462
4781
1231
3683
2817
4170
2254
3401
3202
3986
3695
443
1832
2515
1311
4005
3186
344
2764
306
2747
4816
3258
1077
377
2983
1608
2633
444
1811
1610
4593
2156
3013
4295
668
4987
4554
4330
4601
3705
398
798
3132
1983
4900
2826
1074
819
4579
988
3190
2946
2104
2914
4568
2403
4668
3395
3959
1208
1747
4412
2707
576
2905
2527
4657
1776
4864
4534
4204
4656
4738
3501
3364
1657
2895
1733
4814
3852
2420
4077
3232
758
232
4211
4839
960
1220
473
1887
786
135
3970
2878
1799
4795
1227
2653
2100
631
510
348
4154
1210
3714
3393
1492
1873
855
2581
410
4541
2757
3635
347
2580
588
766
1561
3226
3933
742
2590
2451
2088
2310
1445
1704
447
4285
436
2852
975
3214
3253
2810
279
3407
4507
3293
3250
2875
3609
2419
3606
2492
6
4583
4702
1360
1405
2922
3509
287
3481
2637
4417
3759
726
2661
47
2051
1522
859
4677
2286
1715
3887
890
4280
2778
856
1050
4076
3229
4947
1662
1758
1482
3742
2800
4763
814
2800
1988
3014
1846
87
2073
1268
1661
829
4759
366
2477
3223
3035
169
2497
2611
2166
2091
1566
4134
2484
1347
1153
888
3399
2693
867
53
4196
386
802
40
469
2344
4585
4630
4934
2947
2384
2980
4731
79
1022
813
2214
4521
1898
2356
2431
2409
425
1763
2971
3254
1178
1982
1519
2166
3686
319
1926
1696
4507
1295
878
169
103
2789
2337
462
2721
3638
951
3564
3963
2345
1577
4786
1803
685
3472
2304
1370
3466
2524
1135
2588
1073
1593
4732
317
1409
4875
4042
565
4927
3498
1123
1146
4737
2232
579
1757
1511
2504
1225
1239
4918
3465
3930
2465
4546
2423
4700
2658
160
4515
3196
4859
2645
1737
1804
623
223
655
285
3598
2790
1637
1612
4600
2942
4487
4892
1895
723
184
1801
4814
2993
4353
652
3318
1728
735
2456
991
3424
2099
1759
314
3383
1034
2945
1069
2604
909
2003
1216
4991
1851
4744
2885
4871
3714
1071
565
2319
60
1272
2204
3982
4502
2276
1638
273
36
4272
3924
3592
1952
645
4670
1082
2338
4384
1597
3429
4537
4865
728
3126
888
2722
2307
785
2891
942
1001
2990
152
147
3486
3352
875
3525
4639
1051
2914
2481
557
3833
1071
4490
532
4401
580
4932
1745
2526
640
387
3842
1095
1176
1910
1672
303
1633
3198
4320
3131
2185
293
239
2700
29
1789
3995
1393
989
4678
3926
290
4532
2650
2421
2042
2884
3841
4760
1770
3158
3333
1066
3158
1935
4945
1079
2175
4302
2667
4853
1588
2273
2858
2028
2206
1311
4750
1519
1479
617
4819
1668
3605
3202
1401
2064
1280
4062
4588
3251
4774
918
1859
4515
3504
3169
110
1797
1467
886
4073
4350
1205
1685
2087
759
3073
1510
1269
911
3681
474
1805
1498
1911
4990
3019
4255
4984
2965
592
2712
989
453
4112
3658
1704
4466
2226
3213
2255
2854
1828
1453
2824
3426
3336
3934
3282
3998
982
1063
2635
828
4007
501
4403
763
3564
4336
820
295
4697
3066
1052
4630
2706
3931
4809
326
2152
2619
3553
3521
4567
3031
506
4298
351
4828
620
3250
1741
4626
697
1043
3454
1399
2182
2326
4024
3141
706
1191
1812
4421
1007
1758
3219
1938
2913
2465
636
315
450
164
56
3616
3024
3203
2978
1566
1860
1694
4830
1245
3720
2955
13
3174
220
66
34
1666
3388
2521
3141
3030
1010
96
4353
947
3235
1071
3891
3897
3785
1179
2537
3988
4277
1391
885
3255
2734
2751
3021
108
1139
3704
1713
3661
3760
1844
3200
3213
2680
81
1278
3464
1152
2305
2110
3657
916
2500
3920
34
3256
1745
2472
3686
4861
3828
2435
1643
942
4977
3702
2291
565
1326
2765
4201
4623
3719
1932
3480
177
4291
3661
1279
2046
1780
4967
1745
1854
4980
2056
1089
4604
4131
4943
4147
924
3044
4048
1318
1719
3215
2549
4997
340
4394
1245
3973
2757
2456
4707
848
107
4707
1062
4600
3599
4742
2920
2271
3199
3051
358
3163
2409
2444
4507
1991
4046
3693
1465
3133
4678
318
2269
720
2940
2526
958
2325
4045
1626
2434
1369
1243
1142
3900
501
2201
1506
4150
4791
66
2846
278
3035
3298
4600
1545
4414
4352
1226
4737
226
4558
185
540
3702
2695
543
2955
4437
2012
1786
3771
3127
1475
766
4547
1948
2725
805
2322
996
3426
975
1077
1245
1260
221
459
1084
4236
4638
2421
1868
1364
4356
1252
2140
4779
4305
704
386
4966
604
4435
4773
401
4248
4744
3585
2322
3699
4475
3988
1526
1963
3207
3541
122
2628
734
1252
1144
103
2608
3540
2244
4109
234
3757
1330
321
1802
4839
2854
4355
3102
3024
1736
2744
358
2798
4426
3367
1164
4665
3407
3063
4150
3335
3953
3412
4837
3315
143
1368
46
4312
1810
3805
1299
1583
1962
4745
629
2448
1321
4371
1423
2980
628
2162
4370
1809
370
4773
841
991
1914
725
4768
4544
3405
3918
2222
1885
3661
2396
100
2339
961
3811
2577
3100
3702
3727
123
1577
1547
3913
1868
4165
393
4227
439
437
4997
3578
2037
4252
972
2570
2025
4899
3090
3497
2340
3254
614
2313
4613
2649
3741
1137
2241
2713
2074
1101
4227
79
2159
937
1560
1279
3075
3869
3881
2727
2984
1146
2886
602
983
2491
3292
2757
843
1710
4290
2297
1751
3402
4206
3471
940
3579
991
2306
802
1360
2142
3053
3818
342
4350
1077
503
2477
4861
3305
3223
2040
1686
4079
3233
4362
2445
448
725
668
4134
4787
330
3707
1658
3080
1592
4422
1503
3634
4003
4973
3138
1303
2632
4413
780
3020
4167
3824
3174
713
797
2209
2923
1253
4445
1189
4297
4114
3723
4029
1946
4664
4021
3632
1189
3304
3118
1573
1124
3278
519
1398
2355
1778
3540
4625
1676
1176
881
1920
3489
595
1079
4528
2567
4640
3175
1910
1763
1150
1506
1533
188
2660
1595
789
1940
1379
2601
789
588
91
4524
1089
3091
2761
4419
1926
995
2061
3328
890
2993
4377
473
3810
3831
1814
2308
2827
4607
897
454
2913
1406
4883
2320
1958
178
1038
3870
1570
4618
74
2725
721
1865
640
1377
810
2302
2790
1392
955
3146
1465
758
3634
3967
3393
3790
2910
1330
3350
4146
4213
3197
1808
1912
1943
3004
3020
313
791
2609
1874
2430
649
1294
483
1249
910
1375
297
549
3317
2081
694
4956
3997
4755
670
4475
213
4799
1649
3963
3492
3725
2768
3887
76
2949
4689
3493
1304
1206
766
1219
471
352
4135
2992
1457
1923
3024
1572
1446
161
3285
4084
2670
3095
4409
550
3515
339
702
437
1106
34
3015
4361
4433
3665
4610
1151
1386
1542
2721
585
3285
1499
3879
737
1893
1069
575
2703
3680
2951
2888
981
82
4878
2054
1315
3587
4193
1474
2587
3148
2456
2761
363
2882
2453
3929
59
3745
4723
4680
770
769
1121
511
4522
4942
1187
308
36
4937
1118
373
3121
3724
2078
984
1958
3067
4982
4520
4898
278
738
2721
3888
1715
636
4485
2852
3080
1042
3135
524
4118
3625
1036
2548
4905
968
2409
1174
3796
3971
3280
4796
1209
3649
180
4731
1222
533
132
4166
4307
4102
3653
412
296
4019
3839
127
4148
3375
2441
4402
928
4356
2121
310
1505
2024
979
1689
1796
465
547
3707
4204
469
1174
1958
3808
818
2730
210
1936
1663
2263
2203
3293
653
4621
3808
1080
1062
2108
4448
2002
648
474
3002
4099
4598
358
809
1487
4252
156
146
4538
2324
114
1908
4580
1394
4159
643
4480
2600
1115
2849
278
3815
922
1722
1265
3515
1794
2258
450
4937
3035
2501
4547
1231
2174
3954
608
792
4206
597
2663
828
467
4200
4192
2816
2046
4501
4752
1822
3151
2659
1968
2164
2106
618
1018
657
2176
2180
3411
3698
2329
58
1388
1704
1975
4913
970
1211
2445
3927
2342
3719
487
4558
4391
2449
844
339
1283
2950
2901
2851
1125
3760
33
3220
2576
4854
4465
4899
3369
2519
4335
599
2146
931
764
4456
1307
2270
1350
2813
404
3050
4960
1674
13
4543
3747
490
1462
4218
1379
215
3754
1040
580
3723
1526
4669
1203
3097
2096
3469
3281
4749
3826
29
3010
4133
94
1335
2596
587
12
3281
779
840
2222
2585
4057
2078
2548
3871
2251
2850
2251
2223
1278
3148
3265
4297
4352
1564
3772
3879
4492
3291
3832
4386
3077
4075
175
3801
4379
4260
2650
3664
2739
508
2246
2329
4433
4602
4306
3065
1689
4488
3309
3681
420
1370
1780
647
1021
3967
2905
2145
1858
2987
1783
310
1776
4222
658
4569
3888
1901
1331
666
862
2379
545
4811
4520
2931
2220
4612
4915
973
3722
1163
1056
4955
3276
4740
3374
830
4667
4816
129
2130
3924
3277
2825
4154
3315
4282
3157
1314
1571
4149
2942
1431
403
4923
4168
3749
3268
588
3299
3301
2432
2256
1464
2072
2661
2234
4687
4181
566
287
1949
4227
4498
291
1586
396
2070
1905
2841
1718
2365
4932
1864
3414
2080
1438
3807
4579
1345
1724
334
4709
1153
541
3079
928
2578
3966
3779
2993
870
2027
2288
2883
2830
2235
480
1382
2119
177
4765
1198
2918
4354
3960
4979
444
2600
817
4506
1173
2426
4640
3503
3258
3685
2322
2157
711
1684
3295
2588
327
3279
4520
2398
3723
2891
3695
438
3489
2942
239
3093
1793
1989
777
2346
2219
868
4272
3822
2684
1753
3597
4817
4768
4989
3004
1492
4225
4736
1767
2012
1861
4128
1713
1039
3566
1461
1138
879
4107
3061
3497
456
3579
4935
4729
192
2657
2286
4066
4018
916
1252
2664
2694
4534
2648
3569
4641
180
4533
1415
900
3564
1393
2957
4091
2458
287
3047
1013
4718
3953
4418
3507
679
1621
1258
2303
4123
946
3802
4411
2990
1184
4382
4338
2479
2746
1269
3247
915
4153
1082
2016
1497
3998
4234
926
3524
379
3016
3436
1439
3614
1499
2450
450
3947
3001
3405
1803
3078
4829
2756
4272
1706
4003
513
145
1448
4285
4955
2450
3007
3022
588
4302
3060
3363
4556
3119
3366
1153
4353
3810
3617
4522
1936
3688
1765
4650
861
798
3523
397
2498
3086
556
747
3104
2118
4565
3203
496
2167
1114
349
4716
3224
2446
2476
4800
4168
2612
4840
1246
467
2342
2474
354
1700
167
4808
3898
2760
4959
1496
4953
1363
3131
1506
2602
52
2142
1670
699
1259
3040
108
1229
3939
3112
3074
1230
1747
2633
424
4097
734
4671
3855
4539
1618
3701
2608
4195
4726
1389
106
4885
2916
1635
3003
3034
2286
1358
2335
3760
3645
3723
2542
1794
1084
2911
1584
1492
4627
1337
2524
3317
719
4443
902
2832
167
155
4022
737
3850
4786
2109
73
1284
392
867
2358
111
3633
2516
138
4358
328
4497
1110
3653
175
1970
2100
2996
2728
2105
1102
1275
2003
3074
853
3503
4509
2118
3217
4873
1953
591
346
2504
2405
806
1233
461
1276
1376
4071
629
2747
911
1431
1747
4658
44
2858
3619
4322
4323
2208
1684
1005
3927
213
4565
4750
4180
3480
4304
4534
1899
1827
3395
728
2640
4023
771
1570
1943
536
1091
1064
981
3217
3243
4431
2275
1051
3876
3266
1085
4215
2103
181
4953
358
3261
1380
3715
904
977
2358
3317
2001
1530
4316
3732
2237
677
0
62
2772
4159
4915
3103
230
4639
4711
2778
3715
4058
3398
4740
3439
3616
4349
3341
4281
4292
1609
272
847
3466
1404
1874
528
2480
452
4743
3021
71
1321
1288
2125
347
2920
1496
3603
357
2248
750
2926
1914
2480
1069
741
1508
2836
4406
493
1326
3602
1847
3368
1845
2277
165
4524
2114
845
3429
1453
1157
3825
1201
1288
1867
4955
4726
213
3503
2462
3249
2815
1671
4438
161
2700
1149
3747
2000
3980
1110
3524
100
15
88
4244
2778
3112
1452
2276
1298
4104
1866
3341
1773
1504
2252
1255
3195
1503
4275
4011
4905
419
1662
3530
3903
3504
4401
4848
888
2346
2177
457
866
1841
517
1670
678
3328
4809
3875
3722
1530
2460
4480
3449
4634
4057
4898
300
2973
4699
2486
2433
3790
4666
3649
4986
1669
4570
295
3041
3381
1186
2246
4775
4936
4298
4534
372
4482
1445
3831
3312
1631
1598
2975
1928
3250
2951
166
3500
4931
3845
1920
3374
827
96
3079
2525
2191
4054
315
3071
2255
4678
559
4509
34
3578
4584
3208
4552
4965
2724
2289
2211
1948
3501
1478
2475
4474
1057
937
797
2892
2327
4642
1063
1475
320
4621
1106
663
400
1358
2861
3592
111
4065
34
1424
577
4454
3007
4997
878
3929
4539
2154
3054
2672
1082
3533
1741
4189
2615
795
4111
2595
1125
1296
2672
758
75
4747
2906
4835
258
901
2932
4526
4300
1250
4148
1691
530
1904
2753
836
2049
1452
4407
4224
811
629
151
2117
3582
1576
2138
1021
1675
1706
1291
203
261
4052
2886
3705
3891
1472
4209
4666
4532
1195
717
4210
574
2963
4945
4053
331
4295
